# GB County Boundary Data
# Scottish Borders
# Latitude, Longitude (WGS84)
# Negative values are South or West
# 
# http://www.nearby.org.uk/counties/
# 
55.9415399160284, -2.3600408045242
55.9415670102103, -2.35999302782304
55.9397386834987, -2.3584232195166
55.9375699226192, -2.34386814172454
55.9327705896173, -2.3411526390494
55.931522051814, -2.32779328408925
55.9320376085013, -2.30910327378584
55.9299541259586, -2.30510153248908
55.9284751226943, -2.29255879262105
55.9261371522574, -2.28572388511432
55.9254788684158, -2.26259510193824
55.9283394592649, -2.25237197236797
55.9319345237766, -2.24738568173162
55.9326782048763, -2.22991222878127
55.931440252883, -2.21898937237271
55.9240401809073, -2.20662597643748
55.9218689127466, -2.1937014393351
55.9160020298958, -2.17560952233589
55.9144543428887, -2.15739663375838
55.9180540424742, -2.15281935166696
55.9184473339057, -2.14712498006461
55.9106154816402, -2.13682548706602
55.9076508392741, -2.13651111808647
55.9036024813564, -2.14110304797672
55.9003314972097, -2.13351079373297
55.8940261437571, -2.13978905203799
55.8900888656434, -2.13342759422578
55.8855265756915, -2.13155751002547
55.8777853022646, -2.10949066015272
55.8797260471147, -2.09888286511524
55.8737467209321, -2.09300246279906
55.876402345426, -2.08602448771276
55.8738536272062, -2.08165590717886
55.8660667168797, -2.07705376767056
55.8581141603241, -2.07852364713739
55.8567142664886, -2.07574127109617
55.8508108189955, -2.07633668517542
55.843697798781, -2.07130841722616
55.835833344891, -2.05943136408171
55.8207503937212, -2.05345532221013
55.8131899324545, -2.04082327510659
55.806939975352, -2.05468071622991
55.8034012727267, -2.06967113138754
55.7940446146918, -2.08868119942678
55.7907726023156, -2.09069906288438
55.7732997133795, -2.08662548396481
55.7625851029483, -2.09272103939566
55.7634652826608, -2.10434065906973
55.7610579384914, -2.11372008853056
55.7576599794274, -2.11544697207475
55.7542126165873, -2.11232993372946
55.7505900327669, -2.11407191065625
55.7483910277202, -2.12101100671352
55.7409038073111, -2.12367946103949
55.7393700297973, -2.12979035137941
55.7419665206048, -2.13819277530354
55.7420389882144, -2.14545598338436
55.7393794385729, -2.15282001785323
55.7300435662983, -2.15311786269382
55.7259790979138, -2.15566521020293
55.7245378220549, -2.17186644166213
55.7207678953641, -2.18168772737531
55.7171209773188, -2.18098632695613
55.7086070705667, -2.17197145661088
55.7042241351787, -2.18905774471888
55.6977205652635, -2.1993515868787
55.6909311482684, -2.20278467022993
55.6826477209401, -2.21797721471
55.676336395352, -2.22501795551977
55.6678942683442, -2.22285509849076
55.6654255333371, -2.22656081679948
55.6634679197301, -2.2354828412413
55.6542646934844, -2.25028647582202
55.6504081655695, -2.25119938265291
55.6484808677424, -2.23996899830829
55.6457425777561, -2.23884004548564
55.6426338783801, -2.24779737680921
55.6426860646645, -2.25304049050335
55.6466591958145, -2.26501453764018
55.6441087768683, -2.28444398093087
55.6446600786742, -2.29450511017072
55.64865699254, -2.30970976229728
55.6446857604803, -2.32353279268796
55.6440722169921, -2.33121743809389
55.6372972081014, -2.33784785492083
55.6294229942405, -2.33241197631592
55.6293808257453, -2.32467714326406
55.6311808440913, -2.320133729916
55.6278622133122, -2.31437352142473
55.6213291541443, -2.32159360194287
55.6176534702693, -2.31841981763218
55.6150584838, -2.31073062284566
55.6007271007662, -2.29614354212358
55.5945121305899, -2.29495421444442
55.5890573946482, -2.29892726172067
55.5821028503425, -2.2951783453209
55.5780027570191, -2.28107875081465
55.5654732424997, -2.26261202818128
55.5569729125761, -2.24537103406789
55.5514517105449, -2.23839412586364
55.5361118376287, -2.23933109800165
55.5280383234497, -2.23240704153332
55.5138077579262, -2.23588602472555
55.509020389916, -2.23018902996128
55.5075293534311, -2.22506634457011
55.4979701632189, -2.21432725419032
55.4807781315001, -2.21080045109623
55.4785494452212, -2.20569414164006
55.4769709398917, -2.1870810271469
55.4721295781318, -2.1736755867247
55.4699460315248, -2.17372924398878
55.4674438548708, -2.18278117066574
55.444560501513, -2.20379406936848
55.4391435742241, -2.21353382881903
55.4337744372246, -2.23098316223955
55.4336107021412, -2.2630942146637
55.4314689126378, -2.27276677280111
55.4094733142156, -2.3238651393995
55.4113542070762, -2.3328201158762
55.4106499931357, -2.33731549124216
55.4059144346428, -2.3406072663742
55.4037576975202, -2.34706313256315
55.4015704730445, -2.34837034807756
55.3792636626248, -2.34359749970045
55.3752807306777, -2.35072705152
55.3705057915347, -2.34566736795917
55.3675835106177, -2.34635183763314
55.3553371929046, -2.37923992218651
55.3488009941651, -2.38895447081158
55.3485152546732, -2.40498908167352
55.3599433961676, -2.42660562885635
55.3593323334453, -2.45161608472546
55.3542764890559, -2.4651536832422
55.3511346716841, -2.49851862360118
55.3489532597063, -2.50238629524122
55.3362068020058, -2.51215657352792
55.3242110316144, -2.52895934368786
55.3220700749854, -2.54179012073294
55.3198962800604, -2.54565271014437
55.3174065066007, -2.56361312356542
55.3108437046412, -2.56816758977273
55.2933906622377, -2.59139780032691
55.2832492191171, -2.61964847710149
55.2628420942093, -2.63711190328198
55.2621468172214, -2.64798961661025
55.2606863892604, -2.65056207380767
55.2533355218843, -2.63527645295911
55.2496344098632, -2.61932973361844
55.2459826382373, -2.6200121975922
55.2460342197383, -2.63789680979769
55.2438391616611, -2.63665058807363
55.2285085292761, -2.64189262303413
55.2201620430609, -2.66178391281382
55.2216518137515, -2.67199479596447
55.2059838813866, -2.68744398368241
55.1882643054192, -2.69833728258204
55.1746165377112, -2.71194676392651
55.1695659036014, -2.73622146677659
55.1570241235777, -2.7649301642649
55.1393667906023, -2.80528479152133
55.1405019439165, -2.82632908790374
55.1361370517062, -2.83781511840029
55.1244460972971, -2.84169447037964
55.12299082866, -2.84680716029569
55.1200536811201, -2.84919102731634
55.1348528835493, -2.86722984546831
55.1420573093479, -2.88012503468008
55.1453551721742, -2.89372211145406
55.1609524905344, -2.90022373055211
55.1855555127905, -2.90041729567262
55.2099469452872, -2.88283277350542
55.2161578445946, -2.87012912192477
55.2229505634495, -2.86392646485758
55.2322477125657, -2.86442678317496
55.2354549859002, -2.87962389005969
55.2322510278752, -2.89511975288267
55.2358543610587, -2.91572220002242
55.2465554065579, -2.91112354898174
55.2653493584457, -2.89112724579432
55.2771520715456, -2.8967280246183
55.2831500257408, -2.91193023899904
55.2767480674232, -2.92081906799044
55.2837495080523, -2.93952789489337
55.283749651365, -2.96712762869644
55.2769473788617, -2.98172789100081
55.2676541552378, -2.99301880619912
55.2669445233566, -3.00832963159266
55.2731529721862, -3.02142541158378
55.2726479066744, -3.0376246642589
55.2796525941571, -3.04972469600106
55.2890499289417, -3.05312208218323
55.2903475559241, -3.04852681605735
55.3129454111996, -3.06851884484329
55.3161487131171, -3.08232964694605
55.331948263074, -3.09122542623149
55.3494468205723, -3.10892818108943
55.3477519292468, -3.11052088166341
55.3521472582054, -3.11632173655121
55.3538491374664, -3.13351422459389
55.3508515704241, -3.15612338750366
55.3449483458963, -3.17301336501995
55.3572494494091, -3.18801529520573
55.3633441410372, -3.192425941459
55.3674505901662, -3.20801184267771
55.3739462617602, -3.22081848183642
55.3648468869862, -3.23741965738872
55.3620460069881, -3.25301349247833
55.3548465061173, -3.26362213784939
55.3403529724464, -3.29691849904815
55.3481481986203, -3.31671296242418
55.3574476840446, -3.3185202398276
55.3657440689816, -3.31500952461995
55.3675438146619, -3.30471870601318
55.3794450498177, -3.31281260662799
55.3906517641727, -3.30772155394981
55.4026432001887, -3.29302026123839
55.4188483890918, -3.25741836102611
55.4266453763593, -3.2542214285235
55.4328423343399, -3.30102451440953
55.4413449843294, -3.3118163931899
55.423444833723, -3.34811708304519
55.4143462811747, -3.35501054704846
55.4094438040083, -3.38512184534809
55.4155433928672, -3.4275148684267
55.4071474020331, -3.44152171366953
55.4048479648365, -3.465617720411
55.4058495277434, -3.49571058062734
55.409347320431, -3.50871595747999
55.4206498903117, -3.51692046717358
55.4362461164078, -3.53601191699668
55.513246274177, -3.50611682033717
55.5180421313697, -3.48871891408549
55.5504394717091, -3.50260929143309
55.557042729756, -3.49540970769769
55.5639437302731, -3.49472049408798
55.5871393590219, -3.51070725549991
55.6088405535033, -3.52890943317979
55.612938398734, -3.5260205103327
55.6139389738212, -3.50760966233657
55.6267477619153, -3.47632026012229
55.6317486985707, -3.48041596697778
55.6341435753125, -3.48821083288449
55.6620449240718, -3.46741140921843
55.6662461462079, -3.45721867974497
55.6790400831173, -3.43991405135996
55.6974383779713, -3.40391533031342
55.7059441790237, -3.406623476045
55.7114405106948, -3.42482295196708
55.7200393240806, -3.42722165923968
55.7222439933257, -3.43851066410709
55.7338410326688, -3.43962208071313
55.7391411143289, -3.44741498190187
55.7650352557206, -3.4629105958975
55.7785391200513, -3.45931892589022
55.7847382531658, -3.44191355244863
55.7890440025583, -3.43872346013127
55.7967372681844, -3.44321842028201
55.8184399043137, -3.40271606334452
55.8219348510416, -3.37572264939415
55.8194399023512, -3.36171678261377
55.7925341167465, -3.33981965804078
55.7970393279857, -3.32292219857552
55.797740713978, -3.30691444696777
55.7961402261294, -3.29682759212849
55.7783425206021, -3.28711644983732
55.7801369346335, -3.26662316010132
55.7785381792947, -3.25692528235342
55.7824427968799, -3.24142454749975
55.7815399916115, -3.22482900944644
55.7857372150104, -3.21022602315109
55.7948392718561, -3.19742907203868
55.8035399747102, -3.19161775827889
55.8013383757114, -3.18512145215938
55.7920368465277, -3.18432854607801
55.7778435036668, -3.17171721654566
55.7742434127418, -3.17232656083536
55.7663406531624, -3.16142639887097
55.7591398342604, -3.1589175790868
55.7548442322547, -3.16181761311234
55.7403387299319, -3.14582484830409
55.7331435150507, -3.1494200996572
55.7206420543749, -3.14002617339229
55.7133478598239, -3.12222543136168
55.7199427043883, -3.09543085883116
55.7279425551153, -3.09312316860765
55.7352375756674, -3.10031852391812
55.7473370934058, -3.09172198773887
55.7772463544513, -3.03612044639963
55.7844396097859, -3.01942485560787
55.7909373629414, -2.99292895201692
55.7989392604196, -2.97662272780628
55.8037376951245, -2.96292712677503
55.8107432357239, -2.96102579970906
55.8163396017055, -2.95082254901498
55.807837847038, -2.93933494149877
55.793142766167, -2.9410226149379
55.7859410224487, -2.9345342661301
55.7868449027517, -2.92073025202881
55.7831442128327, -2.90482549932091
55.788835375242, -2.89082813493018
55.7970384424703, -2.88093463624614
55.8070371558723, -2.87492219948802
55.8172358312273, -2.86343727180592
55.8184445443291, -2.84203063527118
55.8316420788514, -2.80883783845953
55.8346376088577, -2.78472765922412
55.8459435101648, -2.77583633024357
55.8386419178363, -2.76813824978299
55.8319392857354, -2.73273999745505
55.8468391889079, -2.66092831812674
55.8410366994253, -2.64534055140685
55.8363411508706, -2.64464006228578
55.8341461510873, -2.6135349011825
55.8299462690213, -2.5997399421154
55.8449416733801, -2.57544118132265
55.8439437606185, -2.55003503924968
55.8610420876635, -2.53583401900271
55.8776450567746, -2.53614268854422
55.8889397220697, -2.56023233475946
55.89473342126, -2.55463930247716
55.8991387070757, -2.53164160638936
55.9124381846613, -2.50344404118411
55.9088426456485, -2.48594577120839
55.8973416261085, -2.48373905190602
55.8896444499031, -2.47374660763674
55.8885351180188, -2.45824105690504
55.9011362502299, -2.43983801291686
55.9137354480386, -2.40784077077948
55.9347420545285, -2.38554025310969
55.9415399160284, -2.3600408045242
